image: map.pgm
resolution: 0.050000
origin: [4.61839, -0.486934, 1.57079632679]
negate: 0
occupied_thresh: 0.65
free_thresh: 0.196

