image: map.pgm
resolution: 0.010000
origin: [-0.45,-5.1, 0.000000]
negate: 0
occupied_thresh: 0.65
free_thresh: 0.196

