image: map2.pgm
resolution: 0.010000
origin: [-3.103842, -6.392440, 0.000000]
negate: 0
occupied_thresh: 0.65
free_thresh: 0.196

